3.992096e+002,0.000000e+000
4.011382e+002,0.000000e+000
4.030667e+002,0.000000e+000
4.049952e+002,0.000000e+000
4.069238e+002,0.000000e+000
4.088523e+002,0.000000e+000
4.107809e+002,0.000000e+000
4.127094e+002,0.000000e+000
4.146380e+002,0.000000e+000
4.165665e+002,0.000000e+000
4.184951e+002,0.000000e+000
4.204236e+002,0.000000e+000
4.223522e+002,0.000000e+000
4.242807e+002,0.000000e+000
4.262093e+002,0.000000e+000
4.281378e+002,0.000000e+000
4.300664e+002,0.000000e+000
4.319949e+002,0.000000e+000
4.339235e+002,0.000000e+000
4.358520e+002,0.000000e+000
4.377806e+002,0.000000e+000
4.397091e+002,0.000000e+000
4.416377e+002,0.000000e+000
4.435662e+002,0.000000e+000
4.454948e+002,0.000000e+000
4.474233e+002,0.000000e+000
4.493519e+002,0.000000e+000
4.512804e+002,0.000000e+000
4.532090e+002,0.000000e+000
4.551375e+002,0.000000e+000
4.570660e+002,0.000000e+000
4.589946e+002,0.000000e+000
4.609232e+002,0.000000e+000
4.628517e+002,0.000000e+000
4.647802e+002,0.000000e+000
4.667088e+002,0.000000e+000
4.686373e+002,0.000000e+000
4.705659e+002,0.000000e+000
4.724944e+002,0.000000e+000
4.744230e+002,0.000000e+000
4.763515e+002,0.000000e+000
4.782801e+002,0.000000e+000
4.802086e+002,0.000000e+000
4.821372e+002,0.000000e+000
4.840657e+002,0.000000e+000
4.859943e+002,0.000000e+000
4.879228e+002,0.000000e+000
4.898514e+002,0.000000e+000
4.917799e+002,0.000000e+000
4.937085e+002,0.000000e+000
4.956370e+002,0.000000e+000
4.975656e+002,0.000000e+000
4.994941e+002,0.000000e+000
5.014227e+002,0.000000e+000
5.033512e+002,0.000000e+000
5.052798e+002,0.000000e+000
5.072083e+002,0.000000e+000
5.091369e+002,0.000000e+000
5.110654e+002,0.000000e+000
5.129940e+002,0.000000e+000
5.149225e+002,0.000000e+000
5.168511e+002,0.000000e+000
5.187796e+002,0.000000e+000
5.207081e+002,0.000000e+000
5.226367e+002,0.000000e+000
5.245652e+002,0.000000e+000
5.264938e+002,0.000000e+000
5.284224e+002,0.000000e+000
5.303509e+002,0.000000e+000
5.322794e+002,0.000000e+000
5.342080e+002,0.000000e+000
5.361365e+002,0.000000e+000
5.380651e+002,0.000000e+000
5.399937e+002,0.000000e+000
5.419222e+002,0.000000e+000
5.438507e+002,0.000000e+000
5.457793e+002,0.000000e+000
5.477078e+002,0.000000e+000
5.496364e+002,0.000000e+000
5.515649e+002,0.000000e+000
5.534935e+002,0.000000e+000
5.554220e+002,0.000000e+000
5.573506e+002,0.000000e+000
5.592791e+002,0.000000e+000
5.612076e+002,0.000000e+000
5.631362e+002,0.000000e+000
5.650648e+002,0.000000e+000
5.669933e+002,0.000000e+000
5.689219e+002,0.000000e+000
5.708504e+002,0.000000e+000
5.727789e+002,0.000000e+000
5.747075e+002,0.000000e+000
5.766360e+002,0.000000e+000
5.785646e+002,0.000000e+000
5.804932e+002,0.000000e+000
5.824217e+002,0.000000e+000
5.843502e+002,0.000000e+000
5.862788e+002,0.000000e+000
5.882073e+002,0.000000e+000
5.901359e+002,0.000000e+000
5.920645e+002,0.000000e+000
5.939930e+002,0.000000e+000
5.959216e+002,0.000000e+000
5.978501e+002,0.000000e+000
5.997786e+002,0.000000e+000
6.017072e+002,0.000000e+000
6.036357e+002,0.000000e+000
6.055643e+002,0.000000e+000
6.074929e+002,0.000000e+000
6.094214e+002,0.000000e+000
6.113500e+002,0.000000e+000
6.132785e+002,0.000000e+000
6.152070e+002,0.000000e+000
6.171356e+002,0.000000e+000
6.190641e+002,0.000000e+000
6.209927e+002,0.000000e+000
6.229213e+002,0.000000e+000
6.248498e+002,0.000000e+000
6.267783e+002,0.000000e+000
6.287069e+002,0.000000e+000
6.306354e+002,0.000000e+000
6.325640e+002,0.000000e+000
6.344926e+002,0.000000e+000
6.364211e+002,0.000000e+000
6.383496e+002,0.000000e+000
6.402782e+002,0.000000e+000
6.422067e+002,0.000000e+000
6.441353e+002,0.000000e+000
6.460638e+002,0.000000e+000
6.479924e+002,0.000000e+000
6.499209e+002,0.000000e+000
6.518495e+002,0.000000e+000
6.537780e+002,0.000000e+000
6.557065e+002,0.000000e+000
6.576351e+002,0.000000e+000
6.595637e+002,0.000000e+000
6.614922e+002,0.000000e+000
6.634208e+002,0.000000e+000
6.653493e+002,0.000000e+000
6.672778e+002,0.000000e+000
6.692064e+002,0.000000e+000
6.711349e+002,0.000000e+000
6.730635e+002,0.000000e+000
6.749921e+002,9.127445e+001
6.769206e+002,9.044840e+001
6.788491e+002,8.967445e+001
6.807777e+002,8.869696e+001
6.827062e+002,8.739383e+001
6.846348e+002,8.580116e+001
6.865634e+002,8.385555e+001
6.884919e+002,8.042393e+001
6.904204e+002,7.472440e+001
6.923490e+002,6.649787e+001
6.942775e+002,5.677057e+001
6.962061e+002,5.180869e+001
6.981346e+002,5.412057e+001
7.000632e+002,6.137287e+001
7.019917e+002,6.988003e+001
7.039203e+002,7.809901e+001
7.058488e+002,8.504491e+001
7.077773e+002,9.024981e+001
7.097059e+002,9.371716e+001
7.116345e+002,9.573431e+001
7.135630e+002,9.674278e+001
7.154916e+002,9.700191e+001
7.174201e+002,9.707387e+001
7.193486e+002,9.713742e+001
7.212772e+002,9.701891e+001
7.232057e+002,9.669627e+001
7.251343e+002,9.638516e+001
7.270629e+002,9.602897e+001
7.289914e+002,9.557476e+001
7.309199e+002,9.485110e+001
7.328485e+002,9.367248e+001
7.347770e+002,9.221413e+001
7.367056e+002,9.079860e+001
7.386342e+002,8.928346e+001
7.405627e+002,8.762324e+001
7.424912e+002,8.607619e+001
7.444198e+002,8.451428e+001
7.463483e+002,8.328276e+001
7.482769e+002,8.249067e+001
7.502054e+002,8.191137e+001
7.521340e+002,8.161275e+001
7.540625e+002,8.163412e+001
7.559911e+002,8.170450e+001
7.579196e+002,8.196908e+001
7.598481e+002,8.247614e+001
7.617767e+002,8.355174e+001
7.637053e+002,8.520964e+001
7.656338e+002,8.721222e+001
7.675624e+002,8.899104e+001
7.694909e+002,9.058790e+001
7.714194e+002,9.206087e+001
7.733480e+002,9.331178e+001
7.752766e+002,9.433752e+001
7.772051e+002,9.524461e+001
7.791337e+002,9.609635e+001
7.810623e+002,9.671066e+001
7.829907e+002,9.707469e+001
7.849193e+002,9.731929e+001
7.868479e+002,9.768031e+001
7.887764e+002,9.801503e+001
7.907050e+002,9.819550e+001
7.926335e+002,9.833479e+001
7.945620e+002,9.841803e+001
7.964906e+002,9.840209e+001
7.984192e+002,9.846499e+001
8.003477e+002,9.857814e+001
8.022762e+002,9.864575e+001
8.042048e+002,9.855959e+001
8.061333e+002,9.843194e+001
8.080619e+002,9.837794e+001
8.099905e+002,9.843513e+001
8.119189e+002,9.837267e+001
8.138475e+002,9.828348e+001
8.157761e+002,9.809680e+001
8.177046e+002,9.802496e+001
8.196332e+002,9.817460e+001
8.215618e+002,9.836277e+001
8.234903e+002,9.835384e+001
8.254188e+002,9.834816e+001
8.273474e+002,9.841190e+001
8.292759e+002,9.838654e+001
8.312045e+002,9.835105e+001
8.331331e+002,9.818500e+001
8.350616e+002,9.785127e+001
8.369901e+002,9.752258e+001
8.389187e+002,9.738393e+001
8.408472e+002,9.729951e+001
8.427758e+002,9.725629e+001
8.447043e+002,9.745686e+001
8.466329e+002,9.767551e+001
8.485614e+002,9.781335e+001
8.504900e+002,9.797509e+001
8.524185e+002,9.817417e+001
8.543470e+002,9.827586e+001
8.562756e+002,9.837677e+001
8.582042e+002,9.844386e+001
8.601327e+002,9.847459e+001
8.620613e+002,9.837753e+001
8.639898e+002,9.825323e+001
8.659183e+002,9.815880e+001
8.678469e+002,9.813499e+001
8.697755e+002,9.811140e+001
8.717040e+002,9.807413e+001
8.736326e+002,9.804082e+001
8.755611e+002,9.804283e+001
8.774896e+002,9.801680e+001
8.794182e+002,9.798874e+001
8.813467e+002,9.791004e+001
8.832753e+002,9.778403e+001
8.852039e+002,9.772088e+001
8.871324e+002,9.773616e+001
8.890609e+002,9.769463e+001
8.909895e+002,9.764882e+001
8.929180e+002,9.760830e+001
8.948466e+002,9.747787e+001
8.967751e+002,9.722326e+001
8.987037e+002,9.691136e+001
9.006322e+002,9.644989e+001
9.025608e+002,9.588679e+001
9.044893e+002,9.547894e+001
9.064178e+002,9.533313e+001
9.083464e+002,9.547472e+001
9.102750e+002,9.592815e+001
9.122035e+002,9.647733e+001
9.141321e+002,9.695246e+001
9.160606e+002,9.729485e+001
9.179891e+002,9.754465e+001
9.199177e+002,9.769556e+001
9.218463e+002,9.782877e+001
9.237748e+002,9.786039e+001
9.257034e+002,9.784347e+001
9.276319e+002,9.784546e+001
9.295604e+002,9.783765e+001
9.314890e+002,9.781773e+001
9.334175e+002,9.779449e+001
9.353461e+002,9.772656e+001
9.372747e+002,9.763103e+001
9.392032e+002,9.751216e+001
9.411317e+002,9.747053e+001
9.430603e+002,9.744826e+001
9.449888e+002,9.745087e+001
9.469174e+002,9.747655e+001
9.488459e+002,9.752183e+001
9.507745e+002,9.759114e+001
9.527031e+002,9.766728e+001
9.546316e+002,9.762648e+001
9.565601e+002,9.752656e+001
9.584887e+002,9.736886e+001
9.604172e+002,9.719434e+001
9.623458e+002,9.703501e+001
9.642744e+002,9.694222e+001
9.662029e+002,9.695180e+001
9.681314e+002,9.707227e+001
9.700600e+002,9.724448e+001
9.719885e+002,9.737620e+001
9.739171e+002,9.733141e+001
9.758456e+002,9.723058e+001
9.777742e+002,9.713795e+001
9.797027e+002,9.709392e+001
9.816313e+002,9.713150e+001
9.835598e+002,9.722414e+001
9.854883e+002,9.735302e+001
9.874169e+002,9.746024e+001
9.893455e+002,9.746930e+001
9.912740e+002,9.746853e+001
9.932026e+002,9.746890e+001
9.951311e+002,9.744996e+001
9.970596e+002,9.732275e+001
9.989882e+002,9.709810e+001
1.000917e+003,9.687520e+001
1.002845e+003,9.679605e+001
1.004774e+003,9.686976e+001
1.006702e+003,9.696087e+001
1.008631e+003,9.693804e+001
1.010560e+003,9.680243e+001
1.012488e+003,9.659297e+001
1.014417e+003,9.640574e+001
1.016345e+003,9.617621e+001
1.018274e+003,9.587195e+001
1.020202e+003,9.547981e+001
1.022131e+003,9.497339e+001
1.024059e+003,9.435273e+001
1.025988e+003,9.372881e+001
1.027917e+003,9.345127e+001
1.029845e+003,9.381983e+001
1.031773e+003,9.474592e+001
1.033702e+003,9.588557e+001
1.035631e+003,9.681503e+001
1.037559e+003,9.736772e+001
1.039488e+003,9.760971e+001
1.041416e+003,9.765591e+001
1.043345e+003,9.758104e+001
1.045273e+003,9.753056e+001
1.047202e+003,9.748418e+001
1.049130e+003,9.741025e+001
1.051059e+003,9.734508e+001
1.052988e+003,9.729293e+001
1.054916e+003,9.718877e+001
1.056845e+003,9.704877e+001
1.058773e+003,9.688445e+001
1.060702e+003,9.674199e+001
1.062630e+003,9.657690e+001
1.064559e+003,9.640782e+001
1.066487e+003,9.625594e+001
1.068416e+003,9.619654e+001
1.070344e+003,9.620200e+001
1.072273e+003,9.630296e+001
1.074202e+003,9.644362e+001
1.076130e+003,9.659249e+001
1.078059e+003,9.680048e+001
1.079987e+003,9.700817e+001
1.081916e+003,9.717106e+001
1.083844e+003,9.729031e+001
1.085773e+003,9.742090e+001
1.087701e+003,9.757825e+001
1.089630e+003,9.766730e+001
1.091559e+003,9.770747e+001
1.093487e+003,9.776347e+001
1.095416e+003,9.780657e+001
1.097344e+003,9.781602e+001
1.099273e+003,9.785423e+001
1.101201e+003,9.785068e+001
1.103130e+003,9.784904e+001
1.105058e+003,9.785883e+001
1.106987e+003,9.784062e+001
1.108916e+003,9.780843e+001
1.110844e+003,9.777345e+001
1.112773e+003,9.776703e+001
1.114701e+003,9.782991e+001
1.116630e+003,9.789394e+001
1.118558e+003,9.795325e+001
1.120487e+003,9.802838e+001
1.122415e+003,9.810963e+001
1.124344e+003,9.811478e+001
1.126272e+003,9.811155e+001
1.128201e+003,9.810960e+001
1.130130e+003,9.809235e+001
1.132058e+003,9.806618e+001
1.133987e+003,9.804459e+001
1.135915e+003,9.801585e+001
1.137844e+003,9.798663e+001
1.139772e+003,9.792374e+001
1.141701e+003,9.786743e+001
1.143629e+003,9.779045e+001
1.145558e+003,9.766467e+001
1.147486e+003,9.751907e+001
1.149415e+003,9.729122e+001
1.151344e+003,9.692306e+001
1.153272e+003,9.662725e+001
1.155201e+003,9.660840e+001
1.157129e+003,9.689877e+001
1.159058e+003,9.726326e+001
1.160986e+003,9.750951e+001
1.162915e+003,9.764602e+001
1.164843e+003,9.772089e+001
1.166772e+003,9.776346e+001
1.168700e+003,9.775243e+001
1.170629e+003,9.771858e+001
1.172558e+003,9.767365e+001
1.174486e+003,9.753236e+001
1.176415e+003,9.727583e+001
1.178343e+003,9.700477e+001
1.180272e+003,9.686251e+001
1.182200e+003,9.693404e+001
1.184129e+003,9.718088e+001
1.186057e+003,9.739796e+001
1.187986e+003,9.751926e+001
1.189915e+003,9.757584e+001
1.191843e+003,9.761244e+001
1.193772e+003,9.767764e+001
1.195700e+003,9.773242e+001
1.197629e+003,9.774741e+001
1.199557e+003,9.776630e+001
1.201486e+003,9.783847e+001
1.203414e+003,9.793700e+001
1.205343e+003,9.803259e+001
1.207271e+003,9.811688e+001
1.209200e+003,9.818198e+001
1.211129e+003,9.824787e+001
1.213057e+003,9.828767e+001
1.214986e+003,9.831890e+001
1.216914e+003,9.834026e+001
1.218843e+003,9.834187e+001
1.220771e+003,9.831705e+001
1.222700e+003,9.829819e+001
1.224628e+003,9.830534e+001
1.226557e+003,9.833160e+001
1.228485e+003,9.835729e+001
1.230414e+003,9.838817e+001
1.232343e+003,9.838186e+001
1.234271e+003,9.838158e+001
1.236200e+003,9.838167e+001
1.238128e+003,9.835853e+001
1.240057e+003,9.833891e+001
1.241985e+003,9.830605e+001
1.243914e+003,9.827457e+001
1.245842e+003,9.827705e+001
1.247771e+003,9.829742e+001
1.249699e+003,9.830711e+001
1.251628e+003,9.830552e+001
1.253557e+003,9.829847e+001
1.255485e+003,9.826994e+001
1.257414e+003,9.826299e+001
1.259342e+003,9.828052e+001
1.261271e+003,9.826145e+001
1.263199e+003,9.822242e+001
1.265128e+003,9.818743e+001
1.267056e+003,9.816586e+001
1.268985e+003,9.816239e+001
1.270914e+003,9.813338e+001
1.272842e+003,9.810060e+001
1.274771e+003,9.806895e+001
1.276699e+003,9.803084e+001
1.278628e+003,9.797043e+001
1.280556e+003,9.794615e+001
1.282485e+003,9.794442e+001
1.284413e+003,9.793587e+001
1.286342e+003,9.790104e+001
1.288271e+003,9.786561e+001
1.290199e+003,9.782177e+001
1.292128e+003,9.781226e+001
1.294056e+003,9.778929e+001
1.295985e+003,9.778046e+001
1.297913e+003,9.778433e+001
1.299842e+003,9.773286e+001
1.301770e+003,9.766645e+001
1.303699e+003,9.762852e+001
1.305627e+003,9.756076e+001
1.307556e+003,9.747523e+001
1.309484e+003,9.745095e+001
1.311413e+003,9.748431e+001
1.313342e+003,9.749969e+001
1.315270e+003,9.751628e+001
1.317199e+003,9.755154e+001
1.319127e+003,9.758351e+001
1.321056e+003,9.754612e+001
1.322984e+003,9.747961e+001
1.324913e+003,9.740602e+001
1.326841e+003,9.736359e+001
1.328770e+003,9.737250e+001
1.330698e+003,9.743774e+001
1.332627e+003,9.755811e+001
1.334556e+003,9.766218e+001
1.336484e+003,9.768706e+001
1.338413e+003,9.766773e+001
1.340341e+003,9.760376e+001
1.342270e+003,9.754962e+001
1.344198e+003,9.749697e+001
1.346127e+003,9.743491e+001
1.348055e+003,9.740967e+001
1.349984e+003,9.742256e+001
1.351913e+003,9.741348e+001
1.353841e+003,9.739407e+001
1.355770e+003,9.733477e+001
1.357698e+003,9.725989e+001
1.359627e+003,9.718651e+001
1.361555e+003,9.710076e+001
1.363484e+003,9.697292e+001
1.365412e+003,9.690360e+001
1.367341e+003,9.687209e+001
1.369270e+003,9.685222e+001
1.371198e+003,9.680316e+001
1.373127e+003,9.676530e+001
1.375055e+003,9.677269e+001
1.376984e+003,9.689735e+001
1.378912e+003,9.709189e+001
1.380841e+003,9.728458e+001
1.382769e+003,9.744828e+001
1.384698e+003,9.761713e+001
1.386626e+003,9.775441e+001
1.388555e+003,9.789100e+001
1.390484e+003,9.800035e+001
1.392412e+003,9.809276e+001
1.394341e+003,9.815599e+001
1.396269e+003,9.822807e+001
1.398198e+003,9.826177e+001
1.400126e+003,9.825341e+001
1.402055e+003,9.821752e+001
1.403983e+003,9.821546e+001
1.405912e+003,9.820724e+001
1.407841e+003,9.815297e+001
1.409769e+003,9.810675e+001
1.411698e+003,9.807993e+001
1.413626e+003,9.803844e+001
1.415555e+003,9.801234e+001
1.417483e+003,9.790963e+001
1.419412e+003,9.776852e+001
1.421340e+003,9.774338e+001
1.423269e+003,9.767361e+001
1.425197e+003,9.753419e+001
1.427126e+003,9.742117e+001
1.429055e+003,9.725016e+001
1.430983e+003,9.696062e+001
1.432912e+003,9.659039e+001
1.434840e+003,9.619306e+001
1.436769e+003,9.543060e+001
1.438697e+003,9.479400e+001
1.440626e+003,9.424873e+001
1.442554e+003,9.351289e+001
1.444483e+003,9.271008e+001
1.446411e+003,9.192070e+001
1.448340e+003,9.059039e+001
1.450269e+003,8.919350e+001
1.452197e+003,8.876585e+001
1.454126e+003,8.998504e+001
1.456054e+003,9.237857e+001
1.457983e+003,9.624409e+001
1.459911e+003,9.728015e+001
1.461840e+003,9.749467e+001
1.463768e+003,9.765466e+001
1.465697e+003,9.772952e+001
1.467625e+003,9.773788e+001
1.469554e+003,9.770079e+001
1.471483e+003,9.764703e+001
1.473411e+003,9.756277e+001
1.475340e+003,9.748934e+001
1.477268e+003,9.735266e+001
1.479197e+003,9.723077e+001
1.481125e+003,9.703554e+001
1.483054e+003,9.666029e+001
1.484982e+003,9.609884e+001
1.486911e+003,9.518581e+001
1.488840e+003,9.333163e+001
1.490768e+003,8.974201e+001
1.492697e+003,8.878500e+001
1.494625e+003,9.027008e+001
1.496554e+003,9.383871e+001
1.498482e+003,9.692410e+001
1.500411e+003,9.797149e+001
1.502339e+003,9.839330e+001
1.504268e+003,9.858811e+001
1.506197e+003,9.877283e+001
1.508125e+003,9.881950e+001
1.510054e+003,9.871078e+001
1.511982e+003,9.870751e+001
1.513911e+003,9.871221e+001
1.515839e+003,9.874724e+001
1.517768e+003,9.879818e+001
1.519696e+003,9.878530e+001
1.521625e+003,9.866658e+001
1.523553e+003,9.864359e+001
1.525482e+003,9.869258e+001
1.527411e+003,9.868474e+001
1.529339e+003,9.867242e+001
1.531268e+003,9.868534e+001
1.533196e+003,9.864433e+001
1.535125e+003,9.853689e+001
1.537053e+003,9.850438e+001
1.538982e+003,9.854613e+001
1.540910e+003,9.842033e+001
1.542839e+003,9.835721e+001
1.544767e+003,9.838582e+001
1.546696e+003,9.837861e+001
1.548625e+003,9.837546e+001
1.550553e+003,9.843626e+001
1.552482e+003,9.847063e+001
1.554410e+003,9.851880e+001
1.556339e+003,9.851999e+001
1.558267e+003,9.828577e+001
1.560196e+003,9.825084e+001
1.562124e+003,9.839588e+001
1.564053e+003,9.838171e+001
1.565981e+003,9.837000e+001
1.567910e+003,9.835250e+001
1.569839e+003,9.822469e+001
1.571767e+003,9.813103e+001
1.573696e+003,9.807235e+001
1.575624e+003,9.792616e+001
1.577553e+003,9.766277e+001
1.579481e+003,9.742614e+001
1.581410e+003,9.709997e+001
1.583338e+003,9.696782e+001
1.585267e+003,9.719602e+001
1.587196e+003,9.746663e+001
1.589124e+003,9.744633e+001
1.591053e+003,9.722020e+001
1.592981e+003,9.692359e+001
1.594910e+003,9.645129e+001
1.596838e+003,9.569592e+001
1.598767e+003,9.496479e+001
1.600695e+003,9.464739e+001
1.602624e+003,9.503889e+001
1.604552e+003,9.588615e+001
1.606481e+003,9.679987e+001
1.608410e+003,9.751779e+001
1.610338e+003,9.792567e+001
1.612267e+003,9.813181e+001
1.614195e+003,9.824942e+001
1.616124e+003,9.829266e+001
1.618052e+003,9.828275e+001
1.619981e+003,9.829994e+001
1.621909e+003,9.830321e+001
1.623838e+003,9.831070e+001
1.625766e+003,9.831242e+001
1.627695e+003,9.830109e+001
1.629624e+003,9.830560e+001
1.631552e+003,9.833070e+001
1.633481e+003,9.835078e+001
1.635409e+003,9.829682e+001
1.637338e+003,9.830092e+001
1.639266e+003,9.834793e+001
1.641195e+003,9.831742e+001
1.643123e+003,9.831400e+001
1.645052e+003,9.841586e+001
1.646980e+003,9.849611e+001
1.648909e+003,9.831261e+001
1.650838e+003,9.820245e+001
1.652766e+003,9.801869e+001
1.654695e+003,9.818961e+001
1.656623e+003,9.824882e+001
1.658552e+003,9.820904e+001
1.660480e+003,9.815988e+001
1.662409e+003,9.810773e+001
1.664337e+003,9.813988e+001
1.666266e+003,9.817454e+001
1.668195e+003,9.817536e+001
1.670123e+003,9.820743e+001
1.672052e+003,9.821883e+001
1.673980e+003,9.821235e+001
1.675909e+003,9.824030e+001
1.677837e+003,9.829121e+001
1.679766e+003,9.833188e+001
1.681694e+003,9.835609e+001
1.683623e+003,9.839188e+001
1.685552e+003,9.840515e+001
1.687480e+003,9.838744e+001
1.689409e+003,9.840763e+001
1.691337e+003,9.840790e+001
1.693266e+003,9.843325e+001
1.695194e+003,9.851891e+001
1.697123e+003,9.851547e+001
1.699051e+003,9.842311e+001
1.700980e+003,9.836948e+001
1.702908e+003,9.836925e+001
1.704837e+003,9.839841e+001
1.706766e+003,9.841928e+001
1.708694e+003,9.841549e+001
1.710623e+003,9.844209e+001
1.712551e+003,9.846017e+001
1.714480e+003,9.847735e+001
1.716408e+003,9.847542e+001
1.718337e+003,9.831788e+001
1.720265e+003,9.825115e+001
1.722194e+003,9.823405e+001
1.724122e+003,9.823578e+001
1.726051e+003,9.823788e+001
1.727980e+003,9.822814e+001
1.729908e+003,9.820673e+001
1.731837e+003,9.817990e+001
1.733765e+003,9.818170e+001
1.735694e+003,9.811092e+001
1.737622e+003,9.803404e+001
1.739551e+003,9.799034e+001
1.741479e+003,9.796397e+001
1.743408e+003,9.797218e+001
1.745337e+003,9.804083e+001
1.747265e+003,9.807298e+001
1.749194e+003,9.802316e+001
1.751122e+003,9.804626e+001
1.753051e+003,9.812053e+001
1.754979e+003,9.815915e+001
1.756908e+003,9.822100e+001
1.758836e+003,9.825481e+001
1.760765e+003,9.827626e+001
1.762693e+003,9.830882e+001
1.764622e+003,9.835477e+001
1.766551e+003,9.837860e+001
1.768479e+003,9.834456e+001
1.770408e+003,9.830513e+001
1.772336e+003,9.830034e+001
1.774265e+003,9.823421e+001
1.776193e+003,9.821250e+001
1.778122e+003,9.826105e+001
1.780050e+003,9.827959e+001
1.781979e+003,9.824446e+001
1.783907e+003,9.822266e+001
1.785836e+003,9.820822e+001
1.787765e+003,9.818410e+001
1.789693e+003,9.816484e+001
1.791622e+003,9.813365e+001
1.793550e+003,9.804741e+001
1.795479e+003,9.797863e+001
1.797407e+003,9.793649e+001
1.799336e+003,9.789928e+001
1.801264e+003,9.787424e+001
1.803193e+003,9.787419e+001
1.805121e+003,9.789858e+001
1.807050e+003,9.795645e+001
1.808979e+003,9.800072e+001
1.810907e+003,9.802145e+001
1.812836e+003,9.800400e+001
1.814764e+003,9.803101e+001
1.816693e+003,9.811353e+001
1.818621e+003,9.817068e+001
1.820550e+003,9.817799e+001
1.822478e+003,9.821281e+001
1.824407e+003,9.824742e+001
1.826336e+003,9.827264e+001
1.828264e+003,9.831493e+001
1.830193e+003,9.831060e+001
1.832121e+003,9.827823e+001
1.834050e+003,9.828776e+001
1.835978e+003,9.828845e+001
1.837907e+003,9.829082e+001
1.839835e+003,9.832001e+001
1.841764e+003,9.832670e+001
1.843693e+003,9.831903e+001
1.845621e+003,9.831001e+001
1.847550e+003,9.826939e+001
1.849478e+003,9.823421e+001
1.851407e+003,9.822896e+001
1.853335e+003,9.821671e+001
1.855264e+003,9.816933e+001
1.857192e+003,9.810425e+001
1.859121e+003,9.807710e+001
1.861049e+003,9.806299e+001
1.862978e+003,9.802161e+001
1.864906e+003,9.797552e+001
1.866835e+003,9.792686e+001
1.868764e+003,9.787358e+001
1.870692e+003,9.786018e+001
1.872621e+003,9.787734e+001
1.874549e+003,9.790131e+001
1.876478e+003,9.792048e+001
1.878406e+003,9.793762e+001
1.880335e+003,9.795128e+001
1.882263e+003,9.795936e+001
1.884192e+003,9.795471e+001
1.886121e+003,9.798667e+001
1.888049e+003,9.801319e+001
1.889978e+003,9.803456e+001
1.891906e+003,9.808923e+001
1.893835e+003,9.812526e+001
1.895763e+003,9.815817e+001
1.897692e+003,9.816360e+001
1.899620e+003,9.816485e+001
1.901549e+003,9.819962e+001
1.903478e+003,9.822513e+001
1.905406e+003,9.822002e+001
1.907335e+003,9.822507e+001
1.909263e+003,9.822935e+001
1.911192e+003,9.821546e+001
1.913120e+003,9.822527e+001
1.915049e+003,9.824558e+001
1.916977e+003,9.824772e+001
1.918906e+003,9.822676e+001
1.920834e+003,9.820437e+001
1.922763e+003,9.817738e+001
1.924692e+003,9.811188e+001
1.926620e+003,9.807706e+001
1.928549e+003,9.807040e+001
1.930477e+003,9.801836e+001
1.932406e+003,9.796720e+001
1.934334e+003,9.793706e+001
1.936263e+003,9.787442e+001
1.938191e+003,9.780666e+001
1.940120e+003,9.777857e+001
1.942048e+003,9.774751e+001
1.943977e+003,9.769873e+001
1.945906e+003,9.771060e+001
1.947834e+003,9.778111e+001
1.949763e+003,9.783981e+001
1.951691e+003,9.788836e+001
1.953620e+003,9.792815e+001
1.955548e+003,9.795853e+001
1.957477e+003,9.799591e+001
1.959405e+003,9.802838e+001
1.961334e+003,9.804454e+001
1.963262e+003,9.806032e+001
1.965191e+003,9.808149e+001
1.967120e+003,9.813501e+001
1.969048e+003,9.818140e+001
1.970977e+003,9.820332e+001
1.972905e+003,9.821414e+001
1.974834e+003,9.821910e+001
1.976762e+003,9.823930e+001
1.978691e+003,9.824393e+001
1.980619e+003,9.823363e+001
1.982548e+003,9.823148e+001
1.984477e+003,9.823994e+001
1.986405e+003,9.822292e+001
1.988334e+003,9.821786e+001
1.990262e+003,9.823478e+001
1.992191e+003,9.824918e+001
1.994119e+003,9.826156e+001
1.996048e+003,9.826604e+001
1.997976e+003,9.828481e+001
1.999905e+003,9.828636e+001
2.001833e+003,9.827355e+001
2.003762e+003,9.824264e+001
2.005691e+003,9.822249e+001
2.007619e+003,9.822285e+001
2.009548e+003,9.823267e+001
2.011476e+003,9.823362e+001
2.013405e+003,9.823666e+001
2.015333e+003,9.825719e+001
2.017262e+003,9.829131e+001
2.019190e+003,9.827897e+001
2.021119e+003,9.825586e+001
2.023047e+003,9.824587e+001
2.024976e+003,9.824139e+001
2.026905e+003,9.823020e+001
2.028833e+003,9.821313e+001
2.030762e+003,9.822549e+001
2.032690e+003,9.823513e+001
2.034619e+003,9.821883e+001
2.036547e+003,9.821935e+001
2.038476e+003,9.822004e+001
2.040404e+003,9.822008e+001
2.042333e+003,9.821774e+001
2.044261e+003,9.821431e+001
2.046190e+003,9.821999e+001
2.048119e+003,9.823029e+001
2.050047e+003,9.821540e+001
2.051976e+003,9.819711e+001
2.053904e+003,9.819979e+001
2.055833e+003,9.819645e+001
2.057761e+003,9.818356e+001
2.059690e+003,9.818176e+001
2.061618e+003,9.820038e+001
2.063547e+003,9.819686e+001
2.065476e+003,9.817823e+001
2.067404e+003,9.820546e+001
2.069333e+003,9.822076e+001
2.071261e+003,9.820459e+001
2.073190e+003,9.818132e+001
2.075118e+003,9.818394e+001
2.077047e+003,9.818450e+001
2.078976e+003,9.816252e+001
2.080904e+003,9.816874e+001
2.082833e+003,9.816942e+001
2.084761e+003,9.814964e+001
2.086689e+003,9.816542e+001
2.088618e+003,9.818497e+001
2.090547e+003,9.816861e+001
2.092475e+003,9.817599e+001
2.094404e+003,9.819225e+001
2.096333e+003,9.818585e+001
2.098261e+003,9.816423e+001
2.100189e+003,9.815689e+001
2.102118e+003,9.814479e+001
2.104046e+003,9.815958e+001
2.105975e+003,9.819292e+001
2.107904e+003,9.818945e+001
2.109832e+003,9.816795e+001
2.111761e+003,9.815725e+001
2.113689e+003,9.814840e+001
2.115618e+003,9.815144e+001
2.117546e+003,9.814973e+001
2.119475e+003,9.814008e+001
2.121403e+003,9.813697e+001
2.123332e+003,9.813272e+001
2.125261e+003,9.812893e+001
2.127189e+003,9.813226e+001
2.129118e+003,9.814523e+001
2.131046e+003,9.813672e+001
2.132975e+003,9.814467e+001
2.134903e+003,9.817365e+001
2.136832e+003,9.816053e+001
2.138760e+003,9.812873e+001
2.140689e+003,9.812354e+001
2.142618e+003,9.813739e+001
2.144546e+003,9.816444e+001
2.146475e+003,9.817956e+001
2.148403e+003,9.817295e+001
2.150332e+003,9.816444e+001
2.152260e+003,9.813864e+001
2.154189e+003,9.811687e+001
2.156117e+003,9.812463e+001
2.158046e+003,9.814870e+001
2.159975e+003,9.814558e+001
2.161903e+003,9.811951e+001
2.163832e+003,9.811398e+001
2.165760e+003,9.812291e+001
2.167688e+003,9.812842e+001
2.169617e+003,9.813096e+001
2.171546e+003,9.814343e+001
2.173474e+003,9.815823e+001
2.175403e+003,9.815196e+001
2.177332e+003,9.813808e+001
2.179260e+003,9.812103e+001
2.181188e+003,9.811975e+001
2.183117e+003,9.813177e+001
2.185045e+003,9.814173e+001
2.186974e+003,9.814746e+001
2.188903e+003,9.813857e+001
2.190831e+003,9.813412e+001
2.192760e+003,9.812828e+001
2.194688e+003,9.812718e+001
2.196617e+003,9.815176e+001
2.198545e+003,9.815035e+001
2.200474e+003,9.814463e+001
2.202402e+003,9.816681e+001
2.204331e+003,9.816446e+001
2.206260e+003,9.813992e+001
2.208188e+003,9.812923e+001
2.210117e+003,9.813660e+001
2.212045e+003,9.812714e+001
2.213974e+003,9.811852e+001
2.215902e+003,9.813359e+001
2.217831e+003,9.812343e+001
2.219759e+003,9.810616e+001
2.221688e+003,9.811963e+001
2.223617e+003,9.813929e+001
2.225545e+003,9.814899e+001
2.227474e+003,9.814197e+001
2.229402e+003,9.813787e+001
2.231331e+003,9.812685e+001
2.233259e+003,9.812778e+001
2.235188e+003,9.815717e+001
2.237116e+003,9.816747e+001
2.239045e+003,9.815038e+001
2.240974e+003,9.814664e+001
2.242902e+003,9.815942e+001
2.244831e+003,9.814953e+001
2.246759e+003,9.813059e+001
2.248688e+003,9.812685e+001
2.250616e+003,9.813351e+001
2.252545e+003,9.815602e+001
2.254473e+003,9.816850e+001
2.256402e+003,9.815553e+001
2.258331e+003,9.814842e+001
2.260259e+003,9.815361e+001
2.262188e+003,9.813888e+001
2.264116e+003,9.812300e+001
2.266044e+003,9.813559e+001
2.267973e+003,9.813372e+001
2.269902e+003,9.815096e+001
2.271830e+003,9.816313e+001
2.273759e+003,9.814604e+001
2.275688e+003,9.813876e+001
2.277616e+003,9.815149e+001
2.279544e+003,9.815972e+001
2.281473e+003,9.816435e+001
2.283402e+003,9.816642e+001
2.285330e+003,9.816512e+001
2.287259e+003,9.815828e+001
2.289187e+003,9.814410e+001
2.291116e+003,9.813802e+001
2.293044e+003,9.814783e+001
2.294973e+003,9.815412e+001
2.296901e+003,9.813099e+001
2.298830e+003,9.813350e+001
2.300759e+003,9.813364e+001
2.302687e+003,9.811240e+001
2.304616e+003,9.810477e+001
2.306544e+003,9.812964e+001
2.308473e+003,9.814328e+001
2.310401e+003,9.814132e+001
2.312330e+003,9.812466e+001
2.314258e+003,9.811647e+001
2.316187e+003,9.808620e+001
2.318115e+003,9.806046e+001
2.320044e+003,9.807375e+001
2.321973e+003,9.803612e+001
2.323901e+003,9.801204e+001
2.325830e+003,9.805318e+001
2.327758e+003,9.805759e+001
2.329687e+003,9.797723e+001
2.331615e+003,9.790603e+001
2.333544e+003,9.788600e+001
2.335472e+003,9.787591e+001
2.337401e+003,9.792977e+001
2.339330e+003,9.799641e+001
2.341258e+003,9.794902e+001
2.343187e+003,9.793313e+001
2.345115e+003,9.797555e+001
2.347044e+003,9.794144e+001
2.348972e+003,9.792490e+001
2.350901e+003,9.795974e+001
2.352829e+003,9.808311e+001
2.354758e+003,9.812013e+001
2.356687e+003,9.802850e+001
2.358615e+003,9.792885e+001
2.360543e+003,9.787091e+001
2.362472e+003,9.793498e+001
2.364401e+003,9.792760e+001
2.366329e+003,9.793784e+001
2.368258e+003,9.794299e+001
2.370186e+003,9.783942e+001
2.372115e+003,9.789319e+001
2.374043e+003,9.793404e+001
2.375972e+003,9.791278e+001
2.377900e+003,9.796782e+001
2.379829e+003,9.805521e+001
2.381758e+003,9.808710e+001
2.383686e+003,9.810457e+001
2.385615e+003,9.815137e+001
2.387543e+003,9.818755e+001
2.389472e+003,9.818696e+001
2.391400e+003,9.821021e+001
2.393329e+003,9.821773e+001
2.395257e+003,9.818356e+001
2.397186e+003,9.816877e+001
2.399115e+003,9.818337e+001
2.401043e+003,9.818554e+001
2.402972e+003,9.815842e+001
2.404900e+003,9.814858e+001
2.406829e+003,9.817995e+001
2.408757e+003,9.819081e+001
2.410686e+003,9.818100e+001
2.412614e+003,9.818223e+001
2.414543e+003,9.816910e+001
2.416471e+003,9.817262e+001
2.418400e+003,9.817616e+001
2.420329e+003,9.815953e+001
2.422257e+003,9.817371e+001
2.424186e+003,9.817869e+001
2.426114e+003,9.817720e+001
2.428043e+003,9.819485e+001
2.429971e+003,9.819061e+001
2.431900e+003,9.818514e+001
2.433828e+003,9.818623e+001
2.435757e+003,9.816449e+001
2.437686e+003,9.815388e+001
2.439614e+003,9.817313e+001
2.441542e+003,9.817844e+001
2.443471e+003,9.817952e+001
2.445400e+003,9.820181e+001
2.447328e+003,9.820265e+001
2.449257e+003,9.818496e+001
2.451185e+003,9.819093e+001
2.453114e+003,9.819735e+001
2.455042e+003,9.820563e+001
2.456971e+003,9.821261e+001
2.458899e+003,9.820002e+001
2.460828e+003,9.819527e+001
2.462756e+003,9.820560e+001
2.464685e+003,9.820007e+001
2.466614e+003,9.820364e+001
2.468542e+003,9.820267e+001
2.470471e+003,9.820874e+001
2.472399e+003,9.821364e+001
2.474328e+003,9.819392e+001
2.476256e+003,9.819217e+001
2.478185e+003,9.820708e+001
2.480113e+003,9.821615e+001
2.482042e+003,9.821802e+001
2.483971e+003,9.821889e+001
2.485899e+003,9.822469e+001
2.487828e+003,9.822568e+001
2.489756e+003,9.822092e+001
2.491685e+003,9.821013e+001
2.493613e+003,9.819781e+001
2.495542e+003,9.819623e+001
2.497470e+003,9.822455e+001
2.499399e+003,9.824078e+001
2.501328e+003,9.824065e+001
2.503256e+003,9.825294e+001
2.505185e+003,9.825667e+001
2.507113e+003,9.824997e+001
2.509042e+003,9.824670e+001
2.510970e+003,9.824324e+001
2.512899e+003,9.822694e+001
2.514827e+003,9.821223e+001
2.516756e+003,9.821647e+001
2.518685e+003,9.822066e+001
2.520613e+003,9.822504e+001
2.522542e+003,9.824231e+001
2.524470e+003,9.824310e+001
2.526398e+003,9.822510e+001
2.528327e+003,9.820130e+001
2.530256e+003,9.820316e+001
2.532184e+003,9.822517e+001
2.534113e+003,9.824117e+001
2.536042e+003,9.823907e+001
2.537970e+003,9.824618e+001
2.539898e+003,9.824746e+001
2.541827e+003,9.824256e+001
2.543755e+003,9.825304e+001
2.545684e+003,9.827303e+001
2.547613e+003,9.827697e+001
2.549541e+003,9.826433e+001
2.551470e+003,9.824425e+001
2.553398e+003,9.823898e+001
2.555327e+003,9.824950e+001
2.557255e+003,9.825967e+001
2.559184e+003,9.827840e+001
2.561112e+003,9.831631e+001
2.563041e+003,9.830817e+001
2.564970e+003,9.828355e+001
2.566898e+003,9.827576e+001
2.568827e+003,9.827840e+001
2.570755e+003,9.825119e+001
2.572684e+003,9.822942e+001
2.574612e+003,9.825117e+001
2.576541e+003,9.828683e+001
2.578470e+003,9.828253e+001
2.580398e+003,9.826853e+001
2.582327e+003,9.828157e+001
2.584255e+003,9.829172e+001
2.586184e+003,9.828345e+001
2.588112e+003,9.828806e+001
2.590041e+003,9.828869e+001
2.591969e+003,9.829414e+001
2.593898e+003,9.829157e+001
2.595827e+003,9.826374e+001
2.597755e+003,9.828857e+001
2.599684e+003,9.830910e+001
2.601612e+003,9.828928e+001
2.603541e+003,9.828986e+001
2.605469e+003,9.829916e+001
2.607398e+003,9.827147e+001
2.609326e+003,9.827487e+001
2.611255e+003,9.829514e+001
2.613184e+003,9.830213e+001
2.615112e+003,9.831776e+001
2.617041e+003,9.834451e+001
2.618969e+003,9.833871e+001
2.620897e+003,9.829656e+001
2.622826e+003,9.830070e+001
2.624755e+003,9.831496e+001
2.626683e+003,9.830433e+001
2.628612e+003,9.829128e+001
2.630541e+003,9.830625e+001
2.632469e+003,9.832302e+001
2.634397e+003,9.832769e+001
2.636326e+003,9.831206e+001
2.638254e+003,9.830343e+001
2.640183e+003,9.832014e+001
2.642112e+003,9.833173e+001
2.644040e+003,9.833205e+001
2.645969e+003,9.832257e+001
2.647897e+003,9.835789e+001
2.649826e+003,9.838314e+001
2.651754e+003,9.833258e+001
2.653683e+003,9.829991e+001
2.655611e+003,9.830599e+001
2.657540e+003,9.833552e+001
2.659469e+003,9.834475e+001
2.661397e+003,9.832088e+001
2.663326e+003,9.830390e+001
2.665254e+003,9.831576e+001
2.667183e+003,9.833503e+001
2.669111e+003,9.832359e+001
2.671040e+003,9.831542e+001
2.672968e+003,9.833611e+001
2.674897e+003,9.835665e+001
2.676826e+003,9.835246e+001
2.678754e+003,9.834400e+001
2.680683e+003,9.835035e+001
2.682611e+003,9.836559e+001
2.684540e+003,9.837476e+001
2.686468e+003,9.836517e+001
2.688397e+003,9.834229e+001
2.690325e+003,9.833957e+001
2.692254e+003,9.835035e+001
2.694183e+003,9.835861e+001
2.696111e+003,9.837165e+001
2.698040e+003,9.837830e+001
2.699968e+003,9.837492e+001
2.701896e+003,9.835787e+001
2.703825e+003,9.833967e+001
2.705754e+003,9.835616e+001
2.707682e+003,9.837042e+001
2.709611e+003,9.834460e+001
2.711540e+003,9.832885e+001
2.713468e+003,9.833603e+001
2.715396e+003,9.835319e+001
2.717325e+003,9.835171e+001
2.719253e+003,9.833384e+001
2.721182e+003,9.836287e+001
2.723111e+003,9.838571e+001
2.725039e+003,9.836540e+001
2.726968e+003,9.835043e+001
2.728896e+003,9.835760e+001
2.730825e+003,9.833940e+001
2.732753e+003,9.835025e+001
2.734682e+003,9.837527e+001
2.736610e+003,9.837206e+001
2.738539e+003,9.835418e+001
2.740468e+003,9.834646e+001
2.742396e+003,9.835017e+001
2.744325e+003,9.834962e+001
2.746253e+003,9.834988e+001
2.748182e+003,9.836647e+001
2.750110e+003,9.837759e+001
2.752039e+003,9.837702e+001
2.753967e+003,9.837560e+001
2.755896e+003,9.833801e+001
2.757825e+003,9.832738e+001
2.759753e+003,9.835373e+001
2.761682e+003,9.836722e+001
2.763610e+003,9.837298e+001
2.765539e+003,9.835036e+001
2.767467e+003,9.832431e+001
2.769396e+003,9.830860e+001
2.771324e+003,9.828181e+001
2.773253e+003,9.827043e+001
2.775182e+003,9.828719e+001
2.777110e+003,9.832431e+001
2.779039e+003,9.835047e+001
2.780967e+003,9.834023e+001
2.782896e+003,9.831661e+001
2.784824e+003,9.829015e+001
2.786753e+003,9.827766e+001
2.788681e+003,9.827833e+001
2.790610e+003,9.827419e+001
2.792539e+003,9.826910e+001
2.794467e+003,9.822638e+001
2.796396e+003,9.819137e+001
2.798324e+003,9.818337e+001
2.800252e+003,9.817339e+001
2.802181e+003,9.820837e+001
2.804110e+003,9.823071e+001
2.806038e+003,9.820931e+001
2.807967e+003,9.817196e+001
2.809896e+003,9.812524e+001
2.811824e+003,9.811507e+001
2.813752e+003,9.813411e+001
2.815681e+003,9.813362e+001
2.817609e+003,9.812458e+001
2.819538e+003,9.810724e+001
2.821467e+003,9.807105e+001
2.823395e+003,9.804012e+001
2.825324e+003,9.801768e+001
2.827252e+003,9.798311e+001
2.829181e+003,9.791834e+001
2.831109e+003,9.784016e+001
2.833038e+003,9.778205e+001
2.834966e+003,9.767873e+001
2.836895e+003,9.752876e+001
2.838824e+003,9.733273e+001
2.840752e+003,9.709297e+001
2.842681e+003,9.684575e+001
2.844609e+003,9.661781e+001
2.846538e+003,9.646130e+001
2.848466e+003,9.634567e+001
2.850395e+003,9.627085e+001
2.852323e+003,9.630742e+001
2.854252e+003,9.643250e+001
2.856181e+003,9.657818e+001
2.858109e+003,9.675172e+001
2.860038e+003,9.690918e+001
2.861966e+003,9.702344e+001
2.863895e+003,9.710902e+001
2.865823e+003,9.718465e+001
2.867752e+003,9.721728e+001
2.869680e+003,9.721942e+001
2.871609e+003,9.721455e+001
2.873538e+003,9.720950e+001
2.875466e+003,9.718539e+001
2.877395e+003,9.714919e+001
2.879323e+003,9.711439e+001
2.881251e+003,9.705803e+001
2.883180e+003,9.699851e+001
2.885109e+003,9.692740e+001
2.887037e+003,9.681731e+001
2.888966e+003,9.674150e+001
2.890895e+003,9.666840e+001
2.892823e+003,9.654015e+001
2.894751e+003,9.639851e+001
2.896680e+003,9.623438e+001
2.898608e+003,9.607883e+001
2.900537e+003,9.591214e+001
2.902466e+003,9.567404e+001
2.904394e+003,9.546664e+001
2.906323e+003,9.528028e+001
2.908251e+003,9.504523e+001
2.910180e+003,9.477489e+001
2.912108e+003,9.451491e+001
2.914037e+003,9.425304e+001
2.915965e+003,9.403297e+001
2.917894e+003,9.389613e+001
2.919823e+003,9.379145e+001
2.921751e+003,9.375378e+001
2.923680e+003,9.381355e+001
2.925608e+003,9.396481e+001
2.927537e+003,9.421030e+001
2.929465e+003,9.453664e+001
2.931394e+003,9.490479e+001
2.933322e+003,9.523423e+001
2.935251e+003,9.559938e+001
2.937180e+003,9.595317e+001
2.939108e+003,9.625868e+001
2.941037e+003,9.651692e+001
2.942965e+003,9.672224e+001
2.944894e+003,9.688882e+001
2.946822e+003,9.700917e+001
2.948751e+003,9.713905e+001
2.950679e+003,9.724959e+001
2.952608e+003,9.730142e+001
2.954537e+003,9.733136e+001
2.956465e+003,9.737978e+001
2.958394e+003,9.746633e+001
2.960322e+003,9.754197e+001
2.962250e+003,9.760218e+001
2.964179e+003,9.767656e+001
2.966108e+003,9.773166e+001
2.968036e+003,9.778981e+001
2.969965e+003,9.789606e+001
2.971894e+003,9.801216e+001
2.973822e+003,9.808223e+001
2.975750e+003,9.812401e+001
2.977679e+003,9.812988e+001
2.979607e+003,9.813641e+001
2.981536e+003,9.816039e+001
2.983465e+003,9.822095e+001
2.985393e+003,9.827942e+001
2.987322e+003,9.827017e+001
2.989250e+003,9.818253e+001
2.991179e+003,9.811623e+001
2.993107e+003,9.808195e+001
2.995036e+003,9.798135e+001
2.996964e+003,9.778365e+001
2.998893e+003,9.764674e+001
3.000822e+003,9.762256e+001
3.002750e+003,9.763279e+001
3.004679e+003,9.765668e+001
3.006607e+003,9.769849e+001
3.008536e+003,9.772787e+001
3.010464e+003,9.766431e+001
3.012393e+003,9.751232e+001
3.014321e+003,9.731766e+001
3.016250e+003,9.702638e+001
3.018179e+003,9.659820e+001
3.020107e+003,9.609348e+001
3.022036e+003,9.561880e+001
3.023964e+003,9.532720e+001
3.025893e+003,9.533244e+001
3.027821e+003,9.564118e+001
3.029750e+003,9.608303e+001
3.031678e+003,9.656068e+001
3.033607e+003,9.700657e+001
3.035536e+003,9.737859e+001
3.037464e+003,9.763013e+001
3.039393e+003,9.774371e+001
3.041321e+003,9.784001e+001
3.043250e+003,9.788509e+001
3.045178e+003,9.786476e+001
3.047107e+003,9.783073e+001
3.049035e+003,9.775488e+001
3.050964e+003,9.762275e+001
3.052893e+003,9.744720e+001
3.054821e+003,9.727139e+001
3.056750e+003,9.707253e+001
3.058678e+003,9.693875e+001
3.060606e+003,9.697906e+001
3.062535e+003,9.714466e+001
3.064464e+003,9.736253e+001
3.066392e+003,9.757550e+001
3.068321e+003,9.773925e+001
3.070250e+003,9.784477e+001
3.072178e+003,9.790976e+001
3.074106e+003,9.792505e+001
3.076035e+003,9.785429e+001
3.077963e+003,9.776440e+001
3.079892e+003,9.763814e+001
3.081821e+003,9.753809e+001
3.083749e+003,9.759142e+001
3.085678e+003,9.778627e+001
3.087606e+003,9.800800e+001
3.089535e+003,9.818457e+001
3.091463e+003,9.828558e+001
3.093392e+003,9.836194e+001
3.095320e+003,9.841076e+001
3.097249e+003,9.840411e+001
3.099178e+003,9.837788e+001
3.101106e+003,9.834559e+001
3.103035e+003,9.835648e+001
3.104963e+003,9.841530e+001
3.106892e+003,9.844897e+001
3.108820e+003,9.846754e+001
3.110749e+003,9.853796e+001
3.112677e+003,9.862550e+001
3.114606e+003,9.863128e+001
3.116535e+003,9.862353e+001
3.118463e+003,9.862489e+001
3.120392e+003,9.862383e+001
3.122320e+003,9.866737e+001
3.124249e+003,9.868198e+001
3.126177e+003,9.868333e+001
3.128106e+003,9.867598e+001
3.130034e+003,9.863345e+001
3.131963e+003,9.863784e+001
3.133892e+003,9.864768e+001
3.135820e+003,9.863570e+001
3.137749e+003,9.859470e+001
3.139677e+003,9.859013e+001
3.141605e+003,9.859709e+001
3.143534e+003,9.859630e+001
3.145463e+003,9.863830e+001
3.147391e+003,9.864776e+001
3.149320e+003,9.859866e+001
3.151249e+003,9.855662e+001
3.153177e+003,9.857488e+001
3.155105e+003,9.859825e+001
3.157034e+003,9.860137e+001
3.158962e+003,9.860920e+001
3.160891e+003,9.861676e+001
3.162820e+003,9.863570e+001
3.164748e+003,9.864508e+001
3.166677e+003,9.864015e+001
3.168605e+003,9.862161e+001
3.170534e+003,9.860951e+001
3.172462e+003,9.863738e+001
3.174391e+003,9.863053e+001
3.176319e+003,9.863716e+001
3.178248e+003,9.866837e+001
3.180177e+003,9.863523e+001
3.182105e+003,9.860038e+001
3.184034e+003,9.859822e+001
3.185962e+003,9.856370e+001
3.187891e+003,9.854588e+001
3.189819e+003,9.854174e+001
3.191748e+003,9.852967e+001
3.193676e+003,9.853296e+001
3.195605e+003,9.855328e+001
3.197534e+003,9.856522e+001
3.199462e+003,9.855643e+001
3.201391e+003,9.856359e+001
3.203319e+003,9.855119e+001
3.205248e+003,9.852879e+001
3.207176e+003,9.857665e+001
3.209105e+003,9.858938e+001
3.211033e+003,9.851194e+001
3.212962e+003,9.845894e+001
3.214891e+003,9.850024e+001
3.216819e+003,9.854099e+001
3.218748e+003,9.853319e+001
3.220676e+003,9.849525e+001
3.222604e+003,9.847209e+001
3.224533e+003,9.851996e+001
3.226462e+003,9.855315e+001
3.228390e+003,9.852230e+001
3.230319e+003,9.851606e+001
3.232248e+003,9.850848e+001
3.234176e+003,9.849565e+001
3.236104e+003,9.852643e+001
3.238033e+003,9.852192e+001
3.239961e+003,9.846754e+001
3.241890e+003,9.847781e+001
3.243819e+003,9.854362e+001
3.245747e+003,9.857269e+001
3.247676e+003,9.853085e+001
3.249604e+003,9.851190e+001
3.251533e+003,9.846474e+001
3.253461e+003,9.844341e+001
3.255390e+003,9.847947e+001
3.257318e+003,9.846857e+001
3.259247e+003,9.846935e+001
3.261176e+003,9.849635e+001
3.263104e+003,9.848714e+001
3.265033e+003,9.849721e+001
3.266961e+003,9.846455e+001
3.268890e+003,9.840321e+001
3.270818e+003,9.841907e+001
3.272747e+003,9.847141e+001
3.274675e+003,9.845619e+001
3.276604e+003,9.843002e+001
3.278533e+003,9.846835e+001
3.280461e+003,9.847612e+001
3.282390e+003,9.844345e+001
3.284318e+003,9.842486e+001
3.286247e+003,9.840121e+001
3.288175e+003,9.836405e+001
3.290104e+003,9.839159e+001
3.292032e+003,9.846439e+001
3.293961e+003,9.844385e+001
3.295890e+003,9.841310e+001
3.297818e+003,9.845844e+001
3.299747e+003,9.850149e+001
3.301675e+003,9.848448e+001
3.303604e+003,9.841081e+001
3.305532e+003,9.840296e+001
3.307461e+003,9.843499e+001
3.309389e+003,9.841173e+001
3.311318e+003,9.838392e+001
3.313247e+003,9.843877e+001
3.315175e+003,9.845445e+001
3.317104e+003,9.844851e+001
3.319032e+003,9.845493e+001
3.320960e+003,9.845417e+001
3.322889e+003,9.841842e+001
3.324818e+003,9.835967e+001
3.326746e+003,9.836839e+001
3.328675e+003,9.841576e+001
3.330604e+003,9.846304e+001
3.332532e+003,9.846011e+001
3.334460e+003,9.843288e+001
3.336389e+003,9.842637e+001
3.338317e+003,9.840166e+001
3.340246e+003,9.842446e+001
3.342175e+003,9.846293e+001
3.344103e+003,9.845005e+001
3.346032e+003,9.841899e+001
3.347960e+003,9.835420e+001
3.349889e+003,9.834576e+001
3.351817e+003,9.839575e+001
3.353746e+003,9.839206e+001
3.355674e+003,9.839667e+001
3.357603e+003,9.836613e+001
3.359532e+003,9.831133e+001
3.361460e+003,9.833553e+001
3.363389e+003,9.839896e+001
3.365317e+003,9.839526e+001
3.367246e+003,9.837520e+001
3.369174e+003,9.838125e+001
3.371103e+003,9.836175e+001
3.373032e+003,9.834912e+001
3.374960e+003,9.831742e+001
3.376889e+003,9.830891e+001
3.378817e+003,9.831181e+001
3.380746e+003,9.831036e+001
3.382674e+003,9.832909e+001
3.384603e+003,9.836002e+001
3.386531e+003,9.837875e+001
3.388460e+003,9.834803e+001
3.390389e+003,9.831615e+001
3.392317e+003,9.830861e+001
3.394246e+003,9.835284e+001
3.396174e+003,9.837830e+001
3.398103e+003,9.839029e+001
3.400031e+003,9.839329e+001
3.401960e+003,9.834384e+001
3.403888e+003,9.829021e+001
3.405817e+003,9.830150e+001
3.407746e+003,9.836544e+001
3.409674e+003,9.836920e+001
3.411603e+003,9.832943e+001
3.413531e+003,9.835562e+001
3.415459e+003,9.839717e+001
3.417388e+003,9.837686e+001
3.419317e+003,9.834159e+001
3.421245e+003,9.834055e+001
3.423174e+003,9.841288e+001
3.425103e+003,9.846302e+001
3.427031e+003,9.843517e+001
3.428959e+003,9.837468e+001
3.430888e+003,9.836387e+001
3.432816e+003,9.841130e+001
3.434745e+003,9.835915e+001
3.436674e+003,9.830935e+001
3.438602e+003,9.831455e+001
3.440531e+003,9.833306e+001
3.442459e+003,9.835957e+001
3.444388e+003,9.832048e+001
3.446316e+003,9.833218e+001
3.448245e+003,9.840683e+001
3.450173e+003,9.843082e+001
3.452102e+003,9.841432e+001
3.454031e+003,9.841711e+001
3.455959e+003,9.842973e+001
3.457888e+003,9.840913e+001
3.459816e+003,9.840359e+001
3.461745e+003,9.846600e+001
3.463673e+003,9.850005e+001
3.465602e+003,9.846722e+001
3.467530e+003,9.839666e+001
3.469459e+003,9.833664e+001
3.471388e+003,9.838421e+001
3.473316e+003,9.843525e+001
3.475245e+003,9.840646e+001
3.477173e+003,9.837109e+001
3.479102e+003,9.841043e+001
3.481030e+003,9.847427e+001
3.482959e+003,9.846579e+001
3.484887e+003,9.843774e+001
3.486816e+003,9.844279e+001
3.488745e+003,9.848401e+001
3.490673e+003,9.851199e+001
3.492602e+003,9.847034e+001
3.494530e+003,9.836681e+001
3.496458e+003,9.836073e+001
3.498387e+003,9.845206e+001
3.500316e+003,9.848434e+001
3.502244e+003,9.849660e+001
3.504173e+003,9.849969e+001
3.506102e+003,9.851160e+001
3.508030e+003,9.850592e+001
3.509958e+003,9.847577e+001
3.511887e+003,9.848548e+001
3.513815e+003,9.852320e+001
3.515744e+003,9.850179e+001
3.517673e+003,9.847601e+001
3.519601e+003,9.843968e+001
3.521530e+003,9.841779e+001
3.523458e+003,9.843509e+001
3.525387e+003,9.846259e+001
3.527315e+003,9.859235e+001
3.529244e+003,9.865527e+001
3.531172e+003,9.861081e+001
3.533101e+003,9.861034e+001
3.535030e+003,9.859724e+001
3.536958e+003,9.860589e+001
3.538887e+003,9.861131e+001
3.540815e+003,9.856031e+001
3.542744e+003,9.852007e+001
3.544672e+003,9.856487e+001
3.546601e+003,9.862814e+001
3.548529e+003,9.866022e+001
3.550458e+003,9.858480e+001
3.552387e+003,9.853091e+001
3.554315e+003,9.857318e+001
3.556244e+003,9.860696e+001
3.558172e+003,9.865291e+001
3.560101e+003,9.870354e+001
3.562029e+003,9.867196e+001
3.563958e+003,9.866026e+001
3.565886e+003,9.858035e+001
3.567815e+003,9.847264e+001
3.569744e+003,9.856026e+001
3.571672e+003,9.864431e+001
3.573601e+003,9.868537e+001
3.575529e+003,9.870200e+001
3.577458e+003,9.870914e+001
3.579386e+003,9.868198e+001
3.581315e+003,9.865293e+001
3.583243e+003,9.866006e+001
3.585172e+003,9.869489e+001
3.587101e+003,9.875596e+001
3.589029e+003,9.876408e+001
3.590958e+003,9.875115e+001
3.592886e+003,9.877570e+001
3.594814e+003,9.878860e+001
3.596743e+003,9.878326e+001
3.598672e+003,9.878989e+001
3.600600e+003,9.880109e+001
3.602529e+003,9.880376e+001
3.604458e+003,9.886112e+001
3.606386e+003,9.892328e+001
3.608314e+003,9.889826e+001
3.610243e+003,9.879402e+001
3.612171e+003,9.877454e+001
3.614100e+003,9.874535e+001
3.616029e+003,9.878340e+001
3.617957e+003,9.893168e+001
3.619886e+003,9.893288e+001
3.621814e+003,9.888954e+001
3.623743e+003,9.895041e+001
3.625671e+003,9.900676e+001
3.627600e+003,9.897647e+001
3.629528e+003,9.881939e+001
3.631457e+003,9.882767e+001
3.633386e+003,9.886126e+001
3.635314e+003,9.892307e+001
3.637243e+003,9.899606e+001
3.639171e+003,9.904578e+001
3.641100e+003,9.906717e+001
3.643028e+003,9.907421e+001
3.644957e+003,9.908057e+001
3.646885e+003,9.914941e+001
3.648814e+003,9.913670e+001
3.650743e+003,9.886206e+001
3.652671e+003,9.891206e+001
3.654600e+003,9.902782e+001
3.656528e+003,9.912523e+001
3.658457e+003,9.912280e+001
3.660385e+003,9.913584e+001
3.662314e+003,9.913428e+001
3.664242e+003,9.910398e+001
3.666171e+003,9.914381e+001
3.668100e+003,9.924556e+001
3.670028e+003,9.924624e+001
3.671957e+003,9.919385e+001
3.673885e+003,9.920328e+001
3.675813e+003,9.913645e+001
3.677742e+003,9.897897e+001
3.679671e+003,9.905011e+001
3.681599e+003,9.917522e+001
3.683528e+003,9.920602e+001
3.685457e+003,9.926042e+001
3.687385e+003,9.926552e+001
3.689313e+003,9.911346e+001
3.691242e+003,9.900497e+001
3.693170e+003,9.911098e+001
3.695099e+003,9.918467e+001
3.697028e+003,9.921823e+001
3.698956e+003,9.927072e+001
3.700885e+003,9.927229e+001
3.702813e+003,9.919985e+001
3.704742e+003,9.922296e+001
3.706670e+003,9.928207e+001
3.708599e+003,9.934013e+001
3.710527e+003,9.937923e+001
3.712456e+003,9.928931e+001
3.714385e+003,9.921004e+001
3.716313e+003,9.921191e+001
3.718242e+003,9.925607e+001
3.720170e+003,9.929521e+001
3.722099e+003,9.926296e+001
3.724027e+003,9.917087e+001
3.725956e+003,9.921940e+001
3.727884e+003,9.925865e+001
3.729813e+003,9.928725e+001
3.731742e+003,9.939922e+001
3.733670e+003,9.935074e+001
3.735599e+003,9.917308e+001
3.737527e+003,9.930572e+001
3.739456e+003,9.941782e+001
3.741384e+003,9.949688e+001
3.743313e+003,9.955462e+001
3.745241e+003,9.945714e+001
3.747170e+003,9.928715e+001
3.749099e+003,9.928337e+001
3.751027e+003,9.933038e+001
3.752956e+003,9.913434e+001
3.754884e+003,9.922893e+001
3.756813e+003,9.939369e+001
3.758741e+003,9.940295e+001
3.760670e+003,9.931160e+001
3.762598e+003,9.932419e+001
3.764527e+003,9.937727e+001
3.766456e+003,9.939790e+001
3.768384e+003,9.935020e+001
3.770313e+003,9.933985e+001
3.772241e+003,9.928711e+001
3.774169e+003,9.926685e+001
3.776098e+003,9.934335e+001
3.778027e+003,9.938538e+001
3.779955e+003,9.938764e+001
3.781884e+003,9.938911e+001
3.783813e+003,9.937712e+001
3.785741e+003,9.937144e+001
3.787669e+003,9.934747e+001
3.789598e+003,9.930666e+001
3.791526e+003,9.932688e+001
3.793455e+003,9.939906e+001
3.795384e+003,9.939906e+001
3.797312e+003,9.934480e+001
3.799241e+003,9.937552e+001
3.801169e+003,9.939166e+001
3.803098e+003,9.933775e+001
3.805026e+003,9.928757e+001
3.806955e+003,9.921345e+001
3.808883e+003,9.920662e+001
3.810812e+003,9.927487e+001
3.812741e+003,9.936012e+001
3.814669e+003,9.944897e+001
3.816598e+003,9.958810e+001
3.818526e+003,9.945587e+001
3.820455e+003,9.930591e+001
3.822383e+003,9.926756e+001
3.824312e+003,9.927998e+001
3.826240e+003,9.932641e+001
3.828169e+003,9.933887e+001
3.830098e+003,9.933875e+001
3.832026e+003,9.935097e+001
3.833955e+003,9.938435e+001
3.835883e+003,9.945396e+001
3.837812e+003,9.943356e+001
3.839740e+003,9.940213e+001
3.841669e+003,9.932186e+001
3.843597e+003,9.926389e+001
3.845526e+003,9.929636e+001
3.847455e+003,9.938052e+001
3.849383e+003,9.946530e+001
3.851312e+003,9.958832e+001
3.853240e+003,9.950204e+001
3.855168e+003,9.934930e+001
3.857097e+003,9.939654e+001
3.859026e+003,9.940890e+001
3.860954e+003,9.945816e+001
3.862883e+003,9.945074e+001
3.864812e+003,9.940374e+001
3.866740e+003,9.942161e+001
3.868668e+003,9.941185e+001
3.870597e+003,9.928114e+001
3.872525e+003,9.930864e+001
3.874454e+003,9.933894e+001
3.876383e+003,9.934604e+001
3.878311e+003,9.936405e+001
3.880240e+003,9.936269e+001
3.882168e+003,9.930038e+001
3.884097e+003,9.921457e+001
3.886025e+003,9.929591e+001
3.887954e+003,9.940482e+001
3.889882e+003,9.941763e+001
3.891811e+003,9.937721e+001
3.893740e+003,9.929419e+001
3.895668e+003,9.933723e+001
3.897597e+003,9.938528e+001
3.899525e+003,9.927831e+001
3.901454e+003,9.920186e+001
3.903382e+003,9.923557e+001
3.905311e+003,9.918063e+001
3.907239e+003,9.918626e+001
3.909168e+003,9.930002e+001
3.911097e+003,9.935999e+001
3.913025e+003,9.934104e+001
3.914954e+003,9.939053e+001
3.916882e+003,9.940377e+001
3.918811e+003,9.929454e+001
3.920739e+003,9.931614e+001
3.922668e+003,9.943798e+001
3.924596e+003,9.948537e+001
3.926525e+003,9.947038e+001
3.928454e+003,9.940326e+001
3.930382e+003,9.927125e+001
3.932311e+003,9.928152e+001
3.934239e+003,9.941038e+001
3.936167e+003,9.942358e+001
3.938096e+003,9.935757e+001
3.940025e+003,9.934048e+001
3.941953e+003,9.934696e+001
3.943882e+003,9.933779e+001
3.945811e+003,9.935014e+001
3.947739e+003,9.936833e+001
3.949667e+003,9.940838e+001
3.951596e+003,9.944912e+001
3.953524e+003,9.947972e+001
3.955453e+003,9.943934e+001
3.957382e+003,9.938228e+001
3.959310e+003,9.939494e+001
3.961239e+003,9.942220e+001
3.963167e+003,9.938639e+001
3.965096e+003,9.931876e+001
3.967024e+003,9.938816e+001
3.968953e+003,9.944067e+001
3.970881e+003,9.940173e+001
3.972810e+003,9.936937e+001
3.974739e+003,9.935496e+001
3.976667e+003,9.937877e+001
3.978596e+003,9.939767e+001
3.980524e+003,9.936443e+001
3.982453e+003,9.938607e+001
3.984381e+003,9.940574e+001
3.986310e+003,9.940005e+001
3.988238e+003,9.934856e+001
3.990167e+003,9.934195e+001
3.992096e+003,9.935557e+001
3.994024e+003,9.933723e+001
3.995953e+003,9.932578e+001
3.997881e+003,9.930695e+001
3.999810e+003,9.934264e+001
4.001738e+003,0.000000e+000
